# Created by Octave 5.2.0, Sun Jun 07 21:39:47 2020 CEST <andi@andi-VirtualBox>
# name: depth
# type: matrix
# rows: 1
# columns: 89
 0 3.7000000000000002 4.5999999999999996 4.5999999999999996 4.5999999999999996 4.9000000000000004 4.5999999999999996 5.2000000000000002 5.2000000000000002 4.9000000000000004 5.5999999999999996 5.5 6.4000000000000004 7.9000000000000004 9.8000000000000007 10.1 10.1 10.1 10.4 10.1 10.1 9.0999999999999996 9.5 10.4 12.800000000000001 14.6 15.5 15.9 17.399999999999999 17.699999999999999 18.899999999999999 20.100000000000001 20.100000000000001 19.800000000000001 18.300000000000001 17.699999999999999 18.300000000000001 18.300000000000001 17.699999999999999 17.399999999999999 16.199999999999999 15.199999999999999 15.199999999999999 14.300000000000001 14.6 14 14.6 14.6 14.6 13.4 13.4 12.5 11.6 11 9.8000000000000007 8.8000000000000007 7.9000000000000004 7.5999999999999996 6.7000000000000002 5.7999999999999998 4.9000000000000004 5.2000000000000002 5.2000000000000002 5.7999999999999998 6.0999999999999996 6.7000000000000002 7 6.7000000000000002 7.2999999999999998 7.2999999999999998 7 6.7000000000000002 6.0999999999999996 7 7.2999999999999998 6.7000000000000002 5.7999999999999998 6.0999999999999996 5.7999999999999998 5.7999999999999998 5.2000000000000002 7.2999999999999998 7.9000000000000004 6.7000000000000002 6.0999999999999996 5.7999999999999998 5.5 4 0


